054806
054826
054733
054595
054710
054796
054625
054700
054636
054660
054720
054605
054690
054646
054816
054576
054807
054828
054797
054661
054817
054721
054711
054596
054671
054754
054681
054577
054587
054829
054662
054722
054597
054712
054702
054607
054692
054627
054755
054638
054648
054682
054578
054588
054617
054830
054663
054723
054713
054598
054693
054608
054736
054579
054673
054756
054683
054628
054589
054618
054767
054789
054580
054599
054725
054714
054590
054609
054737
054800
054757
054820
054684
054629
054790
054591
054768
054780
054832
054600
054726
054738
054821
054801
054665
054610
054695
054630
054685
054705
054791
054592
054641
054651
054769
054781
054601
054739
054802
054666
054611
054676
054593
054792
054771
054782
054602
054740
054803
054612
054594
054707
054697
054687
054813
054633
054793
054783
054772
054643
054653
054804
054750
054603
054622
054668
054613
054678
054814
054794
054784
054805
054751
054604
054623
054679
054709
054815
054795
054837
054752
054659
054840
054845
054848
054856
054849
054857
054850
055102
055030
055051
055040
055062
054949
054960
055072
054907
055117
054866
054876
054858
054852
055103
055052
055063
055041
055031
055118
054867
054877
054908
054961
054950
055073
054940
054859
054853
054918
054971
054982
054898
054860
054854
055032
055042
055064
055053
055119
055075
054951
054962
054941
054909
054878
054868
054920
055010
054972
054983
054861
054855
055033
055043
055054
055065
055076
054879
055011
054921
054973
055106
054984
054994
055034
054880
055066
055044
055077
055055
055012
054922
054974
054862
055107
055121
054911
054870
054985
054933
055035
055067
055045
055079
055057
054881
055013
054975
054924
055133
054863
054912
054986
054871
054934
054891
054997
055036
055134
055046
055068
055081
055014
055058
054925
054864
055111
055126
054935
054999
054892
055098
054945
055037
055135
054865
055047
055015
055082
055069
055059
054926
054883
054936
054893
055000
055099
055038
054904
055136
055048
055090
055070
054884
055060
055115
054937
054894
055039
055131
055001
054947
054905
054957
055137
055091
055049
055071
054980
055116
055101
055132
054895
054906
054875
054959
054938
054948
055138
055154
055140
055155
055141
055144
055145
055160
055149
055161
055150
055023
055195
055185
055235
055415
055247
055301
055024
055392
055362
055257
055269
055279
055291
055352
055165
055196
055236
055248
055175
055206
055416
055025
055393
055353
055280
055292
055258
055270
055302
055373
055166
055249
055176
055417
055237
055427
055026
055187
055396
055259
055271
055293
055354
055364
055435
055250
055418
055027
055397
055260
055218
055294
055355
055365
055304
055436
055375
055419
055251
055028
055178
055209
055398
055429
055261
055295
055366
055305
055437
055376
055029
055252
055399
055240
055430
055200
055264
055438
055296
055220
055367
055306
055377
055170
055190
055274
055171
055431
055211
055439
055265
055201
055253
055387
055241
055180
055400
055221
055368
055378
055345
055191
055231
055440
055402
055432
055181
055222
055254
055244
055266
055379
055276
055298
055346
055441
055403
055433
055183
055223
055245
055267
055255
055389
055277
055299
055413
055233
055442
055184
055224
055268
055246
055256
055390
055278
055300
055204
055351
055234
055288
055443
055391
055445
055446
055444
055447
055448
055449
055450
055598
055639
055672
055660
055475
055518
055465
055498
055588
055548
055455
055451
055452
055661
055640
055456
055477
055499
055559
055453
055457
055500
055478
055590
055550
055620
055467
055580
055540
055510
055454
055458
055479
055611
055642
055551
055541
055511
055459
055480
055643
055502
055552
055676
055622
055572
055582
055492
055460
055613
055644
055603
055503
055481
055623
055493
055645
055533
055461
055624
055678
055554
055688
055574
055564
055647
055534
055462
055485
055679
055625
055668
055555
055689
055525
055648
055463
055606
055495
055486
055626
055556
055690
055596
055526
055566
055496
055636
055658
055702
055692
055557
055671
055691
055693
055703
055547
055517
055497
055638
055694
055704
055705
055695
055696
055706
055697
055707
055708
055698
055936
055899
055889
055848
055777
055879
055818
055838
055712
055699
055709
055947
055915
055710
055700
055890
055900
055849
055948
055880
055779
055713
055870
055839
055916
055809
055829
055711
055701
055891
055850
055881
055714
055830
055800
055745
055755
055892
055882
055715
055781
055725
055791
055893
055852
055883
055716
055957
055812
055822
055802
055894
055853
055717
055884
055833
055843
055863
055760
055727
055772
055885
055834
055844
055875
055761
055728
055804
055773
055738
055896
055886
055835
055876
055845
055865
055774
055897
055887
055877
055836
055846
055866
055763
055775
055898
055740
055888
055878
055837
055847
055776
055827
055741
055904
056001
055980
056106
056116
056076
056086
056024
056044
055787
056045
056087
056002
056129
055981
056118
056003
056046
056088
056130
055982
056149
055969
055939
056119
056089
055983
056047
056131
055960
056132
056048
056090
055951
056091
056092
056134
056093
056103
055992
056067
056014
056105
056078
056015
056026
055972
056079
055929
056017
056027
056006
056169
056018
056028
055941
056171
056019
055942
056196
056020
055943
056021
055944
056198
056022
055945
055963
056199
056023
056036
056178
055964
056069
056189
056179
056210
056190
056070
056009
055986
056030
056201
056071
056211
055954
056202
056182
056072
056203
056073
056183
056226
056218
055977
056074
056219
056227
055966
056268
056075
056235
055995
056269
056052
056246
056038
056082
056270
056247
056039
056278
056058
056248
056271
056279
055989
056281
056040
056272
056249
056041
056273
056283
056292
056284
056241
056293
056042
056234
056043
056294
056242
056163
056295
056311
055933
056296
056297
056033
056302
056166
056012
056382
056402
056372
056168
056341
056352
056403
056383
056373
056353
056354
056384
056404
056374
055998
056355
056375
056422
056356
056376
056332
056423
056377
056333
056313
056334
056425
056085
056378
056314
056335
056426
056300
056379
056315
056444
056434
056316
056435
056393
056445
056436
056446
056276
056343
056447
056277
056406
056344
056386
056448
056000
056345
056413
056449
056346
056323
056414
056062
056324
056450
056451
056415
056468
056502
056454
056452
056442
056469
056455
056479
056428
056453
056260
056443
056381
056254
056456
056395
056470
056429
056263
056318
056457
056471
056396
056397
056472
056482
056514
056473
056462
056349
056515
056350
056464
056484
056388
056510
056516
056465
056485
056389
056511
056518
056512
056390
056519
056513
056391
056417
056498
056531
056467
056499
056338
056418
056431
056339
056533
056419
056265
056549
056409
056340
056534
056399
056550
056266
056557
056607
056577
056567
056267
056551
056558
056568
056618
056599
056559
056579
056589
056552
056657
056560
056553
056610
056637
056366
056647
056672
056627
056628
056658
056683
056591
056561
056673
056571
056554
056648
056629
056659
056562
056684
056555
056649
056674
056602
056622
056630
056421
056563
056675
056583
056556
056640
056401
056411
056574
056564
056651
056594
056614
056676
056634
056575
056665
056625
056652
056642
056565
056576
056626
056566
056653
056643
056688
056586
056678
056328
056308
056689
056679
056667
056329
056309
056368
056680
056310
056330
056645
056681
056669
056702
056696
056703
056697
056906
056854
056742
056886
056832
056792
056812
056802
056762
056772
056782
056907
056887
056743
056833
056803
056763
056793
056783
056845
056823
056753
056908
056744
056764
056784
056834
056804
056846
056774
056754
056929
056878
056734
056700
056909
056745
056765
056785
056805
056847
056775
056795
056755
056815
056930
056879
056735
056725
056919
056701
056869
056746
056806
056848
056836
056776
056796
056756
056736
056920
056726
056370
056716
056849
056747
056777
056797
056767
056787
056860
056757
056737
056727
056932
056371
056717
056871
056827
056901
056708
056850
056861
056758
056768
056798
056788
056778
056808
056922
056933
056709
056902
056851
056947
056769
056749
056789
056799
056809
056913
056923
056739
056819
056729
056948
056770
056750
056790
056800
056938
056914
056924
056760
056780
056935
056740
056730
056840
056894
056830
056949
056853
056771
056939
056751
056791
056925
056761
056781
056731
056936
056841
056895
056831
056950
056951
056955
056956
057195
057033
056974
057074
057064
057215
057205
057145
056991
057135
057125
057054
057165
057175
057155
056941
057104
057094
057185
057114
057084
056961
056975
057196
057136
057146
056942
057216
057206
057065
056962
057156
057186
057166
057176
057055
057105
057095
057116
057126
057085
057045
057024
056958
056976
057137
057147
057197
057217
057207
057066
057167
057187
057157
057177
057096
057056
057127
057106
057117
057086
057046
057076
057025
057036
056993
056959
056977
057148
057138
057198
057208
057218
057067
056944
057168
057178
057158
057188
057057
057097
057118
057107
057087
057037
057077
057026
056994
056964
057149
057139
057209
057219
057068
056945
057169
057159
057189
057179
057058
057098
057088
057108
057119
057078
057129
057048
057140
057150
057210
057220
057200
057069
057225
056965
057170
057180
057190
057160
057059
057130
057099
057089
057109
057120
057049
057039
057226
057070
056981
057151
057141
057221
057201
057211
057235
057161
057100
057121
057171
057040
057080
057029
057001
057181
057191
057060
057131
057110
057090
057227
057142
057152
057202
057222
057212
057071
056969
057236
057162
057101
057122
057172
057030
057192
057182
057081
057061
057132
057111
057091
057051
057228
057153
057143
057213
057203
057223
057072
056972
057237
057102
057173
057123
057031
057183
057193
057082
057133
057112
057092
057062
057003
057042
057052
057229
057154
057144
056990
057224
057204
057214
057073
056973
057238
057194
057184
057083
057063
057093
057134
057113
057164
057103
057174
057124
057230
057006
057043
057053
057239
057231
057232
057240
057233
057241
057265
057275
057255
057285
057315
057295
057355
057335
057325
057429
057405
057365
057419
057345
057442
057245
057242
057256
057276
057266
057286
057316
057296
057356
057336
057346
057326
057406
057420
057443
057396
057306
057243
057386
057376
057246
057257
057267
057277
057287
057317
057297
057337
057347
057327
057397
057244
057387
057307
057431
057377
057367
057247
057258
057348
057338
057388
057278
057298
057268
057288
057318
057328
057408
057422
057445
057358
057368
057432
057308
057465
057248
057259
057349
057279
057339
057359
057269
057423
057289
057299
057409
057329
057446
057319
057434
057309
057466
057399
057249
057379
057493
057260
057390
057280
057350
057340
057250
057310
057330
057320
057410
057447
057300
057290
057435
057400
057370
057484
057494
057380
057251
057261
057391
057281
057351
057495
057311
057448
057321
057331
057291
057301
057485
057371
057361
057468
057381
057425
057271
057252
057262
057496
057282
057352
057449
057312
057486
057302
057292
057322
057342
057332
057402
057362
057439
057272
057426
057415
057382
057480
057253
057497
057263
057393
057283
057353
057450
057313
057487
057403
057303
057293
057333
057323
057343
057416
057273
057383
057373
057254
057481
057498
057264
057394
057284
057354
057488
057451
057314
057294
057304
057324
057334
057344
057274
057384
057374
057364
057428
057482
057499
057489
057500
057501
057490
057502
057491
057503
057581
057671
057513
057592
057570
057602
057614
057640
057492
057515
057535
057583
057603
057571
057593
057615
057626
057641
057662
057701
057711
057504
057731
057663
057516
057536
057546
057642
057604
057594
057627
057616
057584
057693
057702
057732
057537
057547
057628
057605
057595
057560
057654
057549
057629
057713
057606
057596
057723
057694
057562
057655
057685
057550
057607
057597
057563
057686
057646
057714
057724
057609
057598
057647
057677
057715
057599
057610
057678
057611
057600
057716
057612
057601
057670
057591
057755
057739
057747
057756
057620
057748
057709
057762
057893
057783
057740
057794
057861
057850
057795
057895
057710
057763
057862
057851
057764
057810
057863
057852
057896
057969
057979
057765
057864
057853
057812
057907
057970
057980
057942
057921
057844
057865
057854
057813
057909
057761
057971
057981
057767
057944
057845
057855
057910
057867
057982
057972
057945
057878
057868
057989
057768
057846
057856
057973
057983
057924
057780
057835
057869
057847
057857
057990
057974
057984
058001
057925
057880
057836
057848
057858
057991
057770
057975
057985
057955
057782
057837
057881
057849
057860
057792
057976
057771
058003
057986
058004
057987
057977
057967
057957
058014
057968
057978
057958
058016
058143
058168
058032
058179
058133
058092
058017
058043
058180
058124
058144
058053
058083
058018
058181
058125
058034
058084
058094
058045
058182
058189
058035
058116
058075
058036
058201
058183
058096
058190
058117
058037
058097
058184
058202
058192
058108
058077
058067
058243
058193
058098
058109
058185
058203
058244
058186
058254
058059
058140
058165
058204
058194
058069
058027
058187
058141
058177
058215
058195
058228
058090
058100
058028
058188
058132
058167
058178
058217
058061
058142
058256
058101
058196
058051
058197
058218
058230
058257
058198
058231
058199
058283
058388
058439
058357
058308
058398
058319
058399
058321
058309
058440
058284
058358
058241
058324
058348
058310
058470
058431
058359
058268
058411
058432
058349
058325
058495
058412
058311
058471
058423
058350
058270
058462
058326
058496
058297
058312
058339
058371
058424
058523
058351
058271
058463
058327
058503
058414
058454
058473
058524
058352
058328
058488
058504
058415
058455
058474
058373
058314
058329
058489
058525
058353
058416
058385
058446
058281
058475
058315
058374
058526
058355
058330
058396
058293
058447
058533
058316
058333
058356
058527
058387
058534
058477
058318
058528
058478
058535
058519
058536
058529
058530
058520
058545
058307
058511
058531
058521
058538
058512
058617
058657
058687
058532
058522
058539
058598
058555
058541
058688
058648
058719
058740
058618
058599
058542
058709
058649
058679
058780
058760
058610
058752
058543
058558
058710
058680
058568
058611
058569
058711
058733
058641
058772
058642
058672
058570
058580
058712
058783
058744
058602
058773
058643
058633
058789
058673
058581
058713
058784
058603
058703
058764
058644
058756
058634
058790
058582
058785
058704
058736
058592
058664
058775
058791
058695
058786
058593
058625
058665
058792
058646
058696
058787
058748
058594
058626
058656
058799
058793
058788
058800
058794
058768
058801
058795
058833
059028
058995
058965
058975
058934
058954
058874
058802
058796
058854
058935
058966
058986
058955
059006
058905
058865
058797
058803
058957
058906
058977
058987
058946
058825
058798
058815
058846
058856
058947
058958
059008
058968
058897
058809
058898
058928
059009
058959
059019
058969
058938
058979
058817
058929
058939
059021
059038
058838
058960
058980
058889
058728
058961
058890
058920
058849
058870
059040
058881
059024
058962
058921
058871
058830
059041
058882
058963
058912
058841
058872
058974
058964
058933
058994
058913
058873
058862
059059
058822
059060
059061
059050
059062
059229
059243
059264
059129
059189
059199
059069
059209
059052
059063
059130
059110
059244
059265
059070
059053
059064
059071
059131
059266
059245
059054
059065
059072
059112
059267
059132
059082
059246
059055
059295
059066
059113
059133
059056
059247
059296
059067
059248
059084
059057
059286
059068
059150
059255
059220
059250
059085
059115
059125
059058
059095
059211
059126
059256
059116
059201
059127
059117
059257
059097
059319
059308
059128
059118
059098
059309
059298
059277
059171
059288
059299
059278
059233
059192
059300
059252
059222
059236
059213
059253
059301
059373
059342
059384
059214
059237
059303
059374
059343
059385
059321
059238
059270
059304
059375
059386
059365
059355
059240
059311
059376
059387
059366
059356
059241
059182
059377
059367
059357
059290
059242
059378
059368
059389
059291
059280
059330
059224
059204
059379
059369
059390
059281
059331
059225
059380
059260
059370
059391
059216
059226
059334
059381
059345
059371
059323
059137
059273
059335
059383
059313
059346
059372
059400
059274
059163
059314
059347
059401
059414
059454
059348
059402
059293
059467
059445
059455
059350
059294
059468
059426
059446
059456
059351
059262
059447
059457
059476
059228
059352
059338
059428
059458
059429
059459
059185
059175
059412
059460
059186
059480
059509
059413
059473
059492
059482
059520
059510
059474
059284
059493
059483
059501
059529
059475
059484
059340
059318
059326
059502
059327
059341
059503
059523
059486
059197
059328
059524
059621
059591
059601
059631
059561
059611
059525
059188
059549
059632
059562
059622
059551
059593
059623
059563
059613
059526
059633
059583
059552
059624
059634
059517
059641
059625
059565
059528
059536
059605
059518
059585
059655
059642
059555
059626
059657
059606
059576
059537
059566
059636
059677
059644
059556
059544
059685
059627
059607
059617
059567
059637
059545
059558
059608
059568
059628
059679
059706
059618
059647
059638
059669
059659
059578
059726
059546
059619
059660
059629
059687
059707
059559
059648
059639
059599
059547
059620
059661
059630
059708
059570
059671
059728
059560
059709
059736
059443
059719
059650
059662
059673
059700
059663
059652
059848
059828
059818
059798
059765
059808
059653
059745
059721
059711
059819
059849
059777
059809
059702
059850
059767
059820
059800
059692
059757
059713
059780
059841
059861
059801
059862
059842
059782
059759
059734
059749
059694
059792
059783
059863
059843
059742
059793
059853
059878
059918
059928
059868
059751
059784
059834
059771
059970
059879
059919
059909
059929
059869
059939
059744
059979
059855
059971
059920
059940
059910
059870
059772
059786
059921
059836
059871
059773
059816
059902
059827
059774
059817
059847
059867
059963
059964
059903
060080
060070
060020
060090
060009
059894
059954
059989
060081
060071
060051
060021
060010
059955
059895
059915
059935
059945
059990
060082
060062
060052
060112
060032
059886
059916
059936
059946
059876
060063
059991
060113
060013
059978
059887
059958
059917
059947
059937
059986
059992
060014
060104
060044
059987
060105
060045
059988
060056
060036
060037
060057
060160
060180
060220
060150
060097
060077
060210
060120
060130
060161
060058
060181
060121
060151
060028
060098
060131
059997
060162
060059
060099
060029
060212
060132
060172
060202
060089
060079
060019
059998
060230
060133
060143
060153
060144
060154
060204
060164
060194
060174
060124
060311
060351
060155
060135
060165
060125
060312
060352
060281
060251
060226
060136
060166
060126
060241
060343
060234
060157
060197
060273
060304
060187
060127
060283
060244
060228
060344
060158
060148
060168
060218
060335
060305
060284
060128
060236
060159
060149
060179
060275
060336
060189
060129
060265
060296
060327
060287
060297
060347
060328
060006
060464
060371
060381
060424
060288
060267
060358
060348
060257
060319
060382
060372
060415
060007
060249
060359
060349
060466
060289
060320
060416
060436
060404
060456
060008
060474
060259
060437
060384
060374
060405
060407
060448
060458
060396
060385
060365
060375
060386
060408
060366
060439
060546
060515
060576
060526
060398
060450
060377
060440
060577
060505
060516
060527
060399
060441
060378
060368
060431
060495
060568
060506
060518
060528
060442
060472
060369
060432
060569
060519
060611
060529
060380
060480
060423
060497
060530
060560
060590
060520
060508
060481
060488
060509
060561
060521
060531
060552
060603
060592
060489
060510
060532
060522
060553
060668
060658
060678
060688
060618
060593
060533
060523
060584
060605
060669
060659
060689
060679
060534
060524
060670
060606
060690
060585
060620
060680
060535
060525
060514
060671
060691
060503
060631
060681
060621
060672
060682
060758
060840
060810
060683
060643
060673
060841
060749
060789
060719
060684
060704
060674
060790
060832
060740
060685
060645
060720
060675
060751
060833
060781
060686
060646
060706
060676
060656
060782
060824
060732
060717
060687
060707
060677
060804
060743
060825
060773
060734
060816
060774
060806
060633
060735
060855
060765
060807
060817
060634
060745
060856
060796
060766
060808
060848
060746
060912
060901
060890
060797
060757
060849
060913
060902
060892
060914
060903
060915
060893
060904
060933
060986
061043
061031
061017
061053
060996
060895
060905
060545
060956
061054
060945
061033
061019
061044
060917
060896
060934
060906
060918
060897
060907
060946
061097
061107
061055
061045
061035
061020
060969
060898
060909
061056
061109
061046
061036
060931
060899
061047
060910
061037
060878
061067
061110
060900
060911
061048
061038
061070
060889
061049
061039
060998
060982
061071
061072
061082
060999
060958
061050
061040
061156
061176
061128
061146
061084
060959
061051
061041
061157
060942
061177
061119
060971
061085
060985
061052
061042
061158
061120
061168
061094
060972
061159
061216
061227
061237
061278
061096
061003
060866
061122
061170
061207
061217
061238
061228
061279
061218
061123
061229
061161
061219
061230
061152
061199
061162
061209
061240
060868
061231
061241
061125
061153
061220
061126
061293
061184
061232
061201
061221
061283
061263
061242
061334
061134
061127
061295
061274
061243
061185
061233
061284
061222
061192
061335
061136
061193
061304
061213
061336
061296
061275
061223
061234
061346
061306
061214
061385
061276
061375
061225
061235
061396
061348
061365
061307
061215
061277
061386
061236
061376
061226
061397
061349
061317
061377
061367
061387
061331
061398
061320
061517
061442
061452
061250
061378
061414
061388
061399
061368
061321
061518
061453
061475
061415
061389
061400
061465
061379
061509
061455
061416
061467
061390
061510
061477
061380
061558
061417
061391
061478
061381
061501
061145
061418
061392
061382
061502
061419
061393
061480
061383
061569
061579
061394
061428
061384
061570
061481
061580
061590
061494
061429
061525
061482
061591
061440
061571
061581
061495
061430
061655
061533
061526
061592
061441
061572
061473
061582
061534
061656
061643
061593
061573
061583
061657
061644
061594
061574
061584
061675
061728
061685
061718
061665
061645
061595
061575
061585
061676
061686
061729
061740
061666
061667
061576
061605
061586
061741
061687
061677
061540
061792
061587
061668
061606
061577
061753
061689
061743
061678
061764
061541
061793
061588
061607
061754
061578
061669
061679
061542
061670
061543
061702
061784
061777
061755
061680
061703
061778
061544
061785
061681
061671
061672
061704
061769
061757
061545
061682
061683
061770
061546
061716
061673
061899
061858
061727
061684
061717
061900
061674
061859
061843
061890
061901
061860
061891
062001
061961
061921
061910
061902
061882
061845
061861
061800
062002
061972
061922
061982
061808
061911
061903
061883
061863
061801
061933
061923
061953
061983
061993
061809
061904
061839
061847
061874
061864
061984
061994
061964
062041
061913
061905
061848
061875
061895
061925
061985
062032
061945
061914
061906
061852
061831
061896
061956
061986
062033
061907
061897
061853
062017
061867
061977
061937
061915
062052
061909
062018
061898
061868
061948
061916
062025
061917
062026
061969
062009
061816
061930
061980
062010
062047
062122
062075
061940
062092
061817
061920
062093
061818
062048
062083
062123
062076
062084
061819
062049
062114
062067
062244
062059
062223
061820
062233
062152
062051
062115
062040
062068
062060
062144
062245
062153
062234
062106
062136
062224
062145
062308
062246
062256
062225
062137
062235
062107
062247
062287
062226
062257
062236
062098
062258
062268
062099
062227
062129
062237
062338
062348
062269
062238
062167
062228
062130
062339
062349
062271
062240
062229
062091
062340
062281
062351
062331
062159
062341
062353
062169
062282
062332
062230
062391
062293
062354
062242
062283
062342
062231
062333
062221
062392
062403
062343
062355
062294
062161
062243
062232
062334
062404
062306
062222
062321
062307
062335
062472
062415
062405
062295
062452
062356
062344
062322
062473
062543
062444
062493
062482
062436
062345
062416
062503
062336
062323
062573
062474
062483
062437
062494
062534
062445
062504
062346
062417
062337
062554
062366
062475
062574
062484
062495
062347
062367
062535
062428
062465
062555
062476
062485
062378
062496
062368
062429
062556
062466
062526
062477
062566
062486
062327
062527
062457
062379
062420
062478
062567
062487
062380
062458
062558
062390
062518
062421
062615
062479
062605
062488
062559
062519
062480
062606
062616
062654
062696
062706
062664
062489
062589
062550
062481
062617
062597
062451
062697
062707
062665
062590
062491
062551
062511
062492
062708
062698
062666
062581
062598
062512
062542
062582
062709
062699
062730
062689
062700
062628
062690
062711
062680
062743
062701
062732
062629
062802
062712
062691
062681
062744
062640
062702
062733
062630
062641
062713
062843
062853
062703
062745
062682
062833
062783
062693
062803
062844
062814
062642
062834
062652
062763
062854
062704
062824
062716
062694
062784
062882
062892
062785
062764
062815
062653
062825
062705
062695
062805
062470
062863
062883
062893
062873
062806
062874
062471
062765
062864
062884
062894
062895
062807
062885
062987
062944
062903
062897
062858
062886
062838
062828
062848
062935
062925
062905
062859
062819
062839
062849
062829
062936
062809
062898
062887
062946
062906
062937
062868
062888
062820
062878
062947
062810
062899
062907
062869
062938
062889
062879
062900
062939
062890
062901
062909
062950
062891
062940
062902
062961
063004
062951
062921
062963
062985
063006
062964
062943
062986
063007
063275
063103
063285
063225
063025
063081
063245
063235
063148
063123
063092
063215
063265
063255
063104
063226
063027
063082
063236
063246
063216
063256
063266
063093
063207
063028
063125
063084
063094
063289
063208
063095
063126
063085
063290
063279
063097
063269
063086
063291
063280
063240
063270
063230
063250
063220
063166
063087
063260
063300
063327
063317
063241
063099
063231
063251
063221
063168
063261
063088
063077
063301
063328
063318
063212
063100
063046
063192
063089
063078
063295
063319
063213
063101
063193
063048
063079
063145
063330
063296
063284
063214
063102
063274
063194
063049
063091
063147
063080
063337
063331
063321
063305
063322
063339
063333
063306
063340
063334
063368
063358
063324
063494
063434
063474
063514
063524
063536
063359
063369
063325
063495
063515
063475
063525
063342
063336
063360
063538
063516
063456
063526
063527
063517
063395
063371
063457
063361
063343
063309
063528
063518
063396
063372
063458
063362
063417
063352
063529
063519
063373
063397
063418
063363
063345
063353
063531
063578
063311
063520
063374
063354
063419
063346
063364
063521
063375
063532
063312
063580
063511
063365
063355
063376
063522
063366
063356
063432
063512
063377
063535
063314
063493
063523
063367
063513
063473
063357
063433
063315
063595
063316
063697
063687
063773
063598
063698
063688
063774
063599
063699
063845
063679
063689
063795
063815
063825
063616
063805
063835
063690
063680
063846
063700
063826
063618
063786
063796
063776
063816
063806
063836
063659
063853
063691
063787
063619
063681
063701
063777
063660
063767
063692
063854
063682
063661
063702
063849
063693
063704
063683
063759
063819
063769
063728
063830
063820
063705
063641
063800
063750
063810
063694
063883
063790
063873
063684
063863
063840
063729
063781
063851
063884
063695
063831
063706
063821
063643
063791
063864
063801
063751
063811
063685
063841
063874
063730
063782
063696
063852
063858
063707
063644
063686
063752
063772
063859
063888
063868
063878
063869
063889
063879
064098
063903
063913
063923
064056
063933
064046
063954
063943
064016
064036
063716
063894
063976
064119
064099
064047
063996
064017
064057
064037
063986
064006
064100
063956
064079
064120
064058
064048
064018
064038
063967
063892
064121
063897
064080
064049
064059
064039
063958
064082
064050
063917
063999
063989
063979
064040
063969
063948
063937
064009
063907
063927
064051
063918
063899
064041
063908
063928
063938
063960
064138
064173
064159
064001
064052
063991
063981
064042
064011
063971
064139
064174
064053
064043
063962
064140
063952
063902
064044
064034
064004
064055
063994
063984
063974
063912
063922
064035
064045
063964
063942
063932
064177
064164
064178
064166
064193
064203
064183
064313
064213
064223
064303
064323
064157
064274
064304
064254
064324
064294
064264
064314
064284
064224
064158
064182
064275
064225
064295
064305
064325
064285
064235
064255
064315
064265
064386
064306
064450
064326
064236
064316
064226
064307
064317
064387
064187
064367
064327
064347
064197
064217
064207
064318
064368
064308
064427
064198
064388
064208
064188
064348
064218
064289
064299
064369
064319
064309
064428
064269
064349
064279
064259
064245
064280
064246
064300
064230
064320
064260
064270
064240
064429
064290
064310
064407
064467
064321
064231
064241
064311
064477
064408
064469
064192
064302
064212
064312
064222
064202
064478
064409
064479
064470
064249
064471
064250
064480
064448
064473
064481
064449
064487
064630
064538
064640
064650
064660
064670
064482
064539
064631
064661
064488
064611
064641
064651
064671
064621
064693
064592
064602
064622
064612
064489
064483
064593
064603
064741
064490
064484
064731
064721
064711
064674
064573
064485
064491
064732
064722
064712
064675
064574
064645
064655
064665
064492
064625
064486
064553
064635
064733
064686
064713
064575
064626
064754
064656
064646
064676
064636
064744
064554
064666
064513
064493
064724
064616
064714
064755
064677
064617
064597
064607
064735
064555
064514
064494
064725
064715
064746
064699
064678
064598
064608
064726
064736
064495
064515
064537
064716
064727
064609
064764
064717
064765
064718
064759
064729
064749
064760
064719
064730
064740
064750
064927
064917
064937
064720
064706
064979
064918
064928
064707
064980
064919
064929
064898
064769
064939
064981
064708
064920
064930
064940
064770
064837
064900
064709
064931
064776
064941
064921
064838
064901
064911
064932
064710
064777
064922
064859
064839
064962
064933
064923
064778
064860
064964
065000
064934
064924
064861
064799
064965
064821
065002
064878
064935
064925
064800
064822
065003
064880
064926
064936
064801
064823
064881
065171
065161
065151
065131
065141
065181
065132
065142
065133
065020
065134
065021
065135
065022
065136
065137
065023
065138
065139
065122
065140
065123
065124
065173
065183
065163
065125
065144
065233
065126
065112
065145
065234
065127
065113
065146
065235
065092
065102
065128
065082
065147
065072
065033
065093
065103
065129
065083
065034
065073
065026
065130
065028
065193
065029
065203
065214
065154
065215
065053
065216
065043
065054
065044
065149
065063
065064
065195
065205
065176
065186
065156
065166
065106
065178
065158
065188
065168
065117
065118
065108
065198
065109
065208
065038
065190
065039
065097
065098
065280
065087
065282
065048
065077
065088
065200
065049
065283
065078
065210
065300
065301
065302
065379
065390
065058
065391
065059
065380
065392
065381
065393
065382
065383
065394
065384
065395
065385
065396
065068
065387
065397
065069
065388
065398
065389
065399
065320
065321
065401
065322
065402
065403
065404
065340
065466
065468
065469
065470
065519
065520
065529
065539
065258
065361
065259
065362
065261
065363
065549
065366
065559
065523
065569
065524
065352
065533
065543
065534
065544
065425
065426
065427
065553
065554
065354
065579
065589
065445
065528
065447
065563
065448
065564
065573
065356
065574
065619
065620
065621
065622
065623
065503
065624
065505
065625
065626
065506
065627
065628
065639
065629
065630
065640
065631
065641
065548
065538
065659
065649
065632
065642
065633
065669
065679
065634
065689
065635
065558
065592
065636
065593
065637
065699
065638
065709
065611
065612
065644
065583
065645
065584
065568
065578
065779
065780
065663
065781
065664
065798
065788
065653
065800
065790
065654
065801
065791
065602
065803
065793
065603
065804
065794
065703
065806
065673
065683
065796
065704
065797
065674
065807
065684
065693
065694
065808
065648
065812
065813
065809
065811
065814
065822
065832
065815
065823
065833
065816
065824
065834
065842
065817
065825
065835
065843
065818
065826
065844
065819
065836
065827
065845
065615
065820
065837
065828
065616
065846
065821
065829
065838
065617
065847
065830
065839
065742
065853
065848
065831
065840
065854
065849
065855
065841
065864
065850
065865
065852
065867
065891
065877
065588
065869
065892
065878
065879
065893
065870
065880
065881
065708
065871
065894
065744
065668
065882
065873
065895
065745
065658
065883
065899
065874
065884
066006
065885
065875
065900
065597
066007
065890
065876
065598
066008
066060
065678
066050
065688
066061
066051
066070
066080
066090
066111
065698
066071
066081
066091
066121
066122
065607
065608
065859
066063
065860
065861
066131
065862
065863
066041
066042
066113
066114
066115
066116
066117
066094
066095
066096
066097
066099
066100
066182
066183
066045
066046
066066
066067
066192
066033
066034
066035
066036
066055
066037
066056
066038
066039
066202
066085
066086
066119
066125
066135
066126
066075
066136
066076
066164
066137
066165
066174
066175
066104
066105
066235
066245
066088
066186
066187
066265
066276
066267
066277
066268
066278
066269
066279
066089
066270
066280
066155
066281
066156
066271
066286
066282
066287
066272
066288
066273
066274
066275
066248
066249
066145
066316
066328
066178
066284
066146
066317
066285
066179
066329
066297
066331
066180
066298
066332
066181
066334
066258
066239
066335
066240
066259
066337
066338
066339
066307
066205
066340
066308
066319
066206
066320
066300
066322
066301
066323
066302
066324
066325
066326
066224
066391
066381
066292
066310
066140
066225
066342
066141
066343
066293
066311
066304
066196
066262
066305
066263
066197
066352
066253
066264
066353
066254
066169
066461
066170
066214
066362
066215
066363
066244
066313
066314
066372
066481
066373
066412
066413
066109
066441
066110
066442
066130
066443
066452
066453
066355
066432
066433
066422
066393
066423
066394
066395
066376
066377
066472
066378
066191
066379
066380
066542
066384
066483
066160
066543
066385
066484
066161
066544
066485
066552
066523
066357
066562
066524
066358
066533
066513
066534
066201
066347
066348
066403
066456
066404
066457
066458
066464
066459
066465
066460
066367
066368
066435
066150
066474
066151
066475
066398
066399
066546
066547
066210
066211
066515
066583
066584
066614
066447
066585
066504
066615
066448
066505
066623
066437
066624
066438
066593
066488
066633
066594
066565
066219
066634
066566
066220
066635
066636
066617
066618
066653
066626
066654
066627
066644
066638
066645
066639
066603
066495
066604
066496
066656
066657
066620
066629
066621
066630
066417
066418
066641
066229
066647
066230
066642
066648
066659
066389
066660
066390
066663
066574
066632
066683
066538
066575
066684
066490
066478
066539
066694
066479
066491
066685
066695
066686
066480
066701
066650
066687
066712
066662
066427
066702
066651
066688
066528
066713
066428
066704
066689
066529
066715
066733
066665
066705
066674
066690
066716
066734
066666
066708
066675
066735
066691
066709
066736
066692
066710
066737
066556
066711
066541
066557
066768
066743
066758
066769
066759
066745
066724
066668
066770
066746
066760
066725
066669
066718
066748
066771
066726
066761
066677
066739
066719
066727
066749
066762
066678
066408
066740
066728
066751
066720
066763
066679
066409
066469
066752
066721
066764
066680
066470
066754
066518
066722
066765
066605
066755
066681
066519
066766
066682
066767
066671
066498
066672
066499
066838
066828
066742
066778
066730
066500
066779
066731
066848
066858
066789
066818
066569
066819
066570
066868
066820
066869
066234
066840
066830
066860
066850
066878
066809
066799
066551
066790
066879
066810
066800
066791
066589
066590
066781
066531
066889
066841
066430
066774
066811
066899
066559
066853
066863
066864
066909
066919
066823
066843
066938
066833
066873
066929
066874
066509
066510
066892
066958
066855
066959
066961
066962
066969
066970
066794
066845
066971
066883
066795
066835
066776
066825
066884
066591
066902
066979
066894
066598
066949
066599
066980
066814
066940
066950
066608
066922
066941
066815
066989
066609
066923
066804
066912
066611
066931
066805
066612
066784
066932
066561
066904
066964
067009
066973
066965
067010
066974
066914
066952
066982
066991
066983
066953
066943
067062
067052
066887
066992
066944
066897
067053
067063
066600
066934
067082
067103
067072
067092
066935
067093
067000
067073
067083
066786
067001
066579
066976
066580
066977
066966
066967
066907
066968
066927
066917
066955
066985
066986
066956
066994
066995
066946
066947
067014
066937
067194
067003
067195
067205
067215
067004
067196
067185
067206
067197
067186
067198
067187
067225
067199
067188
067189
067200
066987
067190
067201
066988
067191
067202
067192
067107
067204
066997
067245
067235
067193
067108
066998
067126
067217
067208
067176
067156
067136
067127
067117
067166
067227
067209
067177
067157
067118
067137
067006
067167
067210
067211
067007
067146
067147
067057
067067
067247
067237
067068
067058
067087
067097
067077
067088
067098
067078
067046
067213
067047
067220
067230
067250
067121
067122
067240
067049
067050
067051
067222
067112
067181
067113
067232
067161
067182
067162
067171
067172
067102
067151
067242
067152
067372
067131
067141
067373
067132
067142
067374
067376
067379
067380
067383
067384
067387
067397
067362
067398
067363
067364
067365
067027
067447
067366
067386
067367
067368
067258
067370
067371
067487
067488
067400
067489
067528
067449
067530
067450
067531
067532
067533
067534
067535
067536
067537
067538
067519
067542
067520
067543
067544
067521
067545
067522
067546
067523
067547
067524
067525
067526
067527
067390
067391
067392
067393
067394
067395
067396
067294
067295
067296
067326
067328
067329
067599
067600
067601
067675
067676
067678
067679
067680
067682
067683
067684
067666
067687
067667
067688
067668
067669
067689
067670
067690
067671
067692
067672
067693
067673
067694
067674
067695
067696
067697
067700
067698
067699
067632
067633
067634
067771
067772
067773
067774
067753
067754
067776
067777
067778
067782
067783
067763
067834
067821
067835
067822
067846
067792
067856
067866
067793
067765
067926
067936
067927
067758
067937
067759
067787
067840
067812
067802
067946
067956
067767
067788
067841
067803
067813
067957
067947
067768
067769
067826
067827
067869
067828
067976
067966
067870
067830
067850
067831
067851
067889
067890
067986
067860
067861
067797
067879
067798
067880
067919
067960
067920
067961
067909
067899
067921
067941
067910
067931
067900
067922
067942
067932
067923
067951
067952
067845
067980
067970
067817
067807
067981
067925
067971
067818
067808
067855
068016
068027
067874
068028
068017
067875
067894
068018
068029
067895
068030
068019
067990
068031
068020
067991
068022
067748
068023
067749
068024
067965
068087
068025
067865
068088
068089
068026
068090
067884
067885
067914
068033
068034
067915
067904
068167
068177
068168
068178
067905
068035
068179
068239
068169
068170
068180
068171
068181
067985
067975
068172
068173
068158
068159
068174
068160
068175
068176
068161
068162
068163
068164
068165
068166
068291
068311
068312
068313
068314
068315
068316
068317
068010
068318
068011
068319
068012
068320
068013
068014
068015
068321
068322
068323
068331
068324
068325
068326
068327
068233
068328
068234
068329
068235
068330
068236
068140
068237
068238
068273
068275
068277
068123
068124
068125
068126
068403
068308
068309
068310
068407
068385
068387
068408
068415
068388
068425
068445
068435
068494
068484
068474
068465
068504
068455
068505
068417
068418
068506
068427
068514
068447
068507
068515
068437
068554
068564
068467
068574
068486
068411
068420
068412
068422
068457
068584
068585
068545
068586
068509
068604
068525
068594
068587
068535
068510
068605
068588
068595
068469
068589
068511
068596
068512
068597
068590
068477
068614
068497
068591
068513
068615
068592
068593
068547
068567
068557
068430
068450
068518
068607
068440
068537
068577
068608
068578
068599
068609
068610
068499
068479
068617
068489
068500
068618
068490
068501
068502
068569
068559
068460
068503
068432
068472
068452
068528
068626
068520
068580
068601
068442
068581
068612
068636
068613
068481
068550
068492
068493
068462
068628
068603
068530
068540
068583
068638
068562
068572
068552
068736
068737
068402
068739
068740
068777
068778
068622
068523
068532
068779
068542
068623
068780
068787
068797
068716
068781
068782
068788
068798
068783
068789
068799
068784
068790
068800
068631
068785
068791
068801
068786
068792
068793
068633
068795
068796
068929
068930
068931
068698
068932
068850
068933
068851
068934
068852
068935
068936
068937
068700
068701
068920
068761
068921
068762
068922
068901
068923
068924
068925
068926
068927
068928
068939
068940
068733
068942
068734
068943
068944
068735
068945
068946
068884
068885
068887
069032
069033
069034
069063
069073
069064
069093
069094
068776
069095
069096
068994
069097
068995
069098
068996
069117
069103
068907
069099
069118
069104
069100
069105
069055
069101
069106
069127
069102
069107
069108
069075
069109
069137
069066
069076
069110
069067
069084
069111
069085
069147
069167
069157
069177
069057
069058
069087
069121
069187
069122
069088
069089
069090
069091
069092
069078
069069
069070
069079
069131
069132
069060
069141
069061
069171
069161
069142
069172
069162
069190
069151
069191
069152
069072
069081
069181
069082
069126
069182
069200
069201
069028
069210
069259
069260
069211
069240
069220
069241
069230
069221
069231
069250
069251
069136
069176
069166
069269
069270
069299
069146
069337
069300
069301
069195
069156
069196
069367
069378
069389
069379
069368
069390
069369
069380
069391
069370
069381
069392
069371
069382
069205
069393
069186
069372
069383
069206
069394
069254
069374
069384
069264
069215
069255
069375
069385
069265
069376
069216
069377
069245
069225
069226
069235
069246
069290
069236
069479
069480
069291
069481
069292
069500
069293
069294
069388
069502
069521
069531
069522
069532
069523
069534
069524
069536
069525
069537
069526
069538
069527
069528
069529
069296
069530
069396
069540
069541
069443
069444
069630
069445
069631
069446
069632
069335
069336
069515
069516
069650
069517
069651
069518
069652
069519
069653
069520
069654
069655
069656
069657
069660
069658
069661
069659
069662
069663
069664
069665
069670
069666
069667
069668
069669
069366
069592
069593
069594
069646
069647
069648
069649
069787
069797
069767
069777
069798
069788
069768
069778
069817
069807
069758
069759
069827
069749
069750
069837
069739
069838
069740
069847
069801
069761
069802
069762
069763
069867
069857
069821
069822
069792
069793
069772
069773
069811
069841
069782
069842
069812
069783
069754
069755
069831
069832
069918
069870
069744
069806
069851
069871
069745
069919
069852
069977
069928
069909
069978
069929
069910
069979
069980
069826
069981
069880
069890
069861
069982
069987
069900
069881
069891
069862
069988
069983
069901
069948
069938
069958
069984
069968
069989
069949
069939
069959
069846
069985
069969
069990
070021
069986
070022
069991
069912
069816
069993
069913
069994
069914
070071
070072
069733
070024
069996
069836
069997
069972
069973
069923
069875
069974
069856
069924
069876
069975
069976
069933
069735
069736
069934
070148
069953
069885
070149
069895
069963
069943
069905
069954
069866
069886
070150
069896
069964
069944
069906
070151
070094
070152
070095
070153
070154
070158
070159
070155
070160
070156
070161
070157
070162
070163
070210
070220
070230
070164
070240
070211
070221
070165
070166
070250
070167
070190
070191
070200
070201
070293
070282
070283
070303
070181
070182
070118
070119
070253
070254
070273
070255
070274
070256
070258
070262
070284
070259
070263
070264
070244
070245
070130
070185
070265
070186
070234
070235
070108
070109
070110
070225
070226
070195
070196
070215
070216
070306
070333
070307
070334
070267
070335
070268
070336
070205
070315
070287
070206
070316
070288
070317
070277
070278
070249
070134
070070
070355
070344
070345
070173
070339
070144
070340
070145
070229
070297
070146
070147
070298
070239
070326
070327
070416
070449
070427
070450
070417
070428
070418
070430
070358
070359
070421
070422
070292
070311
070556
070566
070321
070557
070567
070312
070322
070408
070525
070409
070586
070576
070526
070577
070587
070527
070528
070331
070368
070332
070369
070398
070399
070596
070597
070349
070599
070350
070600
070379
070380
070433
070473
070474
070475
070476
070389
070390
070302
070354
070426
070659
070630
070631
070362
070363
070413
070364
070414
070590
070415
070669
070679
070374
070375
070620
070689
070456
070690
070691
070403
070692
070693
070404
070694
070695
070696
070393
070394
070640
070641
070671
070681
070592
070650
070651
070581
070582
070594
070595
070719
070709
070720
070710
070729
070384
070730
070385
070661
070604
070605
070606
070444
070622
070749
070571
070572
070759
070769
070770
070684
070740
070685
070686
070561
070760
070687
070562
070688
070610
070772
070773
070611
070774
070775
070776
070674
070733
070780
070781
070549
070550
070790
070791
070743
070763
070764
070765
070800
070766
070724
070801
070767
070725
070753
070735
070809
070754
070714
070553
070819
070715
070676
070820
070654
070745
070811
070839
070829
070840
070830
070664
070785
070804
070786
070795
070796
070748
070738
070859
070849
070635
070860
070850
070869
070636
070625
070824
070814
070870
070825
070626
070656
070806
070758
070555
070889
070919
070834
070909
070899
070844
070816
070835
070845
070666
070645
070646
070953
070929
070954
070963
070880
070964
070873
070864
070865
070984
070973
070994
070974
070854
070511
070615
070855
070875
070616
070997
070998
070668
070923
070924
070893
070913
070883
070894
071057
071026
070914
070884
071027
070903
070958
070987
070959
070904
071011
070978
070933
070979
070934
070935
070968
071000
070969
071001
071070
070989
070878
071049
070939
071050
071015
070947
071003
070928
071061
070918
070992
070898
070888
071119
071129
070983
071120
071130
070908
071131
071121
071122
071132
071082
071019
071123
071133
071124
071021
071134
071023
071053
071125
071074
071126
071127
071128
071065
071289
071257
071267
071334
071310
071300
071291
071241
071086
071190
071344
071345
071183
071078
071312
071302
071211
071043
071045
071095
071096
071294
071221
071314
071304
071316
071098
071427
071335
071222
071296
071448
071231
071247
071115
071116
071117
071118
071306
071336
071437
071232
071298
071428
071479
071480
071481
071482
071483
071308
071484
071485
071486
071489
071487
071490
071488
071491
071471
071472
071473
071474
071475
071476
071477
071478
071185
071201
071202
071354
071223
071233
071259
071250
071168
071186
071365
071366
071234
071321
071203
071337
071235
071407
071224
071192
071193
071338
071397
071225
071270
071542
071543
071236
071550
071251
071430
071322
071560
071514
071561
071385
071386
071237
071238
071551
071348
071375
071188
071252
071271
071546
071547
071356
071189
071589
071440
071239
071441
071387
071339
071570
071609
071553
071554
071563
071340
071630
071341
071342
071343
071610
071205
071650
071564
071619
071591
071280
071565
071631
071592
071326
071432
071582
071273
071632
071274
071327
071328
071612
071593
071195
071602
071350
071254
071399
071400
071671
071573
071196
071369
071613
071358
071359
071622
071623
071568
071614
071282
071285
071574
071575
071228
071229
071263
071595
071596
071287
071219
071455
071220
071597
071420
071421
071360
071389
071616
071691
071692
071255
071644
071256
071197
071700
071664
071361
071710
071683
071230
071434
071720
071605
071264
071391
071265
071352
071741
071586
071577
071276
071665
071721
071646
071742
071731
071752
071753
071198
071712
071606
071685
071702
071331
071637
071587
071703
071666
071732
071656
071733
071199
071647
071657
071773
071774
071588
071776
071777
071778
071676
071686
071755
071638
071763
071764
071765
071766
071767
071435
071768
071332
071770
071677
071678
071745
071746
071747
071794
071748
071750
071705
071751
071795
071785
071772
071423
071805
071735
071757
071864
071796
071780
071884
071736
071706
071392
071379
071393
071865
071866
071907
071908
071918
071815
071909
071919
071910
071920
071912
071402
071921
071913
071922
071914
071923
071915
071916
071758
071917
071759
071928
071760
071929
071930
071726
071925
071926
071787
071927
071781
071981
071372
071889
071696
071363
071982
071983
071984
071991
071798
071761
071669
071333
071413
071414
072011
072012
071807
071826
071846
071697
071424
071904
071905
071906
072053
071827
071415
071373
072015
072016
072017
071876
072034
072036
072042
071395
071837
071699
071789
072046
071416
072077
072003
071790
071791
071848
072097
071740
071878
071819
072117
071729
072070
072060
072064
071792
071879
071719
071839
071840
071871
071859
072189
071860
071861
071862
071863
072147
072209
072169
071978
071979
071980
072090
071812
071802
072149
072150
072151
072224
072110
071997
072130
072029
071851
071822
072203
071842
071852
072196
071853
071881
072084
072103
072153
072156
072008
072009
072010
072183
072139
072244
072338
072348
072339
072349
072340
072350
072351
072341
072264
072284
072352
072163
072217
072342
072285
072354
072304
072343
071833
072355
072356
072344
072357
072345
072358
072324
072346
072347
072124
072237
072476
072516
072496
072372
072392
072257
072412
072230
072297
072455
072176
072277
072403
072135
072331
072317
072332
072334
072335
072337
072445
072405
072290
072143
072577
072250
072365
072489
072469
072529
072509
072549
072270
072310
072385
071383
072462
072569
072643
072609
072616
072482
072663
072522
072502
072438
072589
072409
072418
072378
072398
072736
072542
072543
072696
072582
072431
072716
072636
072637
072562
072452
072656
072535
072602
072676
072555
072710
072690
072829
072768
072769
072849
072575
072788
072629
072649
072869
072622
072808
072889
072703
072730
072899
072669
072919
072920
072822
072790
072939
072595
072959
072750
072751
072723
072683
072753
072892
072842
072755
072862
072992
073072
073082
073012
073073
073083
073013
073074
073084
073075
073085
072882
073087
073076
072972
073077
073088
072762
073078
072743
073089
073079
073090
072912
073080
073091
073081
073052
073060
072782
073062
072802
072815
073065
073067
072932
073068
073032
072952
073069
073070
073071
072925
072775
073096
073004
072795
073005
072836
073116
072856
072985
072945
072905
073136
072876
072965
073025
073156
073176
072979
073196
073045
073019
073216
073109
073236
073129
072999
073256
073387
073409
073149
073276
073296
073423
073169
073411
073102
073316
073433
073039
073336
073413
073189
073356
073209
073425
073392
073393
073394
073376
073415
073122
073453
073403
073229
073142
073417
073405
073162
073473
073380
073381
073249
073382
073182
073407
073269
073493
073513
073289
073384
073446
073533
073202
073309
073553
073573
073329
073349
073369
073466
073593
073223
073614
073615
073616
073486
073243
073643
073644
073645
073663
073506
073646
073664
073440
073626
073647
073665
073666
073667
073668
073669
073670
073671
073673
073263
073303
073628
073283
073674
073632
073526
073634
073675
073636
073676
073546
073677
073323
073678
073679
073566
073680
073685
073681
073686
073682
073683
073641
073744
073622
073642
073460
073343
073586
073735
073363
073736
073737
073785
073786
073795
073796
073606
073805
073624
073806
073755
073756
073739
073757
073740
073815
073825
073835
073480
073816
073826
073836
073776
073777
073766
073767
073500
073845
073846
073855
073865
073856
073748
073520
073749
073875
073743
073540
073790
073885
073791
073800
073810
073801
073811
073761
073762
073560
073830
073840
073895
073831
073841
073580
073820
073781
073752
073821
073782
073753
073771
073600
073772
073905
073850
073851
073927
073917
073937
073947
073869
073870
073860
073861
073879
073957
073880
073889
073890
073660
073661
073662
073899
074067
074077
074068
073900
073710
074069
073864
074070
074071
073611
074058
074072
073613
074059
074073
074060
074074
073921
073909
073931
074107
074061
074075
073922
073910
073874
073941
073932
073951
074076
074062
073913
073942
073952
073914
074168
074063
074079
073970
074064
073884
074080
074098
074088
073971
074081
074065
073961
074178
073980
073962
074066
074082
073894
074129
074139
074149
074119
074159
074039
074049
073981
074040
074050
073990
074109
074000
073991
074001
074030
073916
074031
074020
074010
074100
074090
074021
074011
074084
074085
074171
073904
074112
074181
074132
074122
074162
074152
074142
074102
073965
073966
074173
073926
074183
074114
073936
073946
073956
074124
074164
074154
074134
074144
073975
074034
074093
073976
074035
074104
073985
074044
073986
074045
073995
074054
073996
074055
074005
074006
074176
074095
074025
074015
074026
074016
074117
074186
074127
074147
074137
074167
074157
066376
074117
